  0:     6190.7006: 0.129777 0.803916 0.678363 0.563549 0.00206987 0.986709 0.822036 0.650370 0.170407 0.170407 0.0735105 0.170407 0.440574
 10:     5490.7728: 1.00000e-16 1.00000e-16 0.0143110 0.0531482 1.00000e-16 0.893760 0.960158 0.650703 0.170405 0.170407 0.170407 0.162669 0.629506
 20:     5008.1832: 1.00000e-16 0.00222141 1.00000e-16 1.00000e-16 1.00000e-16 0.355043  1.00000 0.413088 0.0735105 0.170407 0.170407 0.170407  1.43442
 30:     4723.9990: 1.00000e-16 0.000781423 0.000273042 0.00211770  1.00000  1.00000 1.00000e-16  1.00000 0.170407 0.170407 0.170407 0.170407  2.00000
 40:     4706.0568: 1.00000e-16 0.000513117 0.000285220 0.00153857 0.999971 0.999208 0.000384977 0.997602 0.170407 0.170407 0.170407 0.170364  2.00000
 50:     4701.6072: 1.00000e-16 0.000588011 0.000298861 0.000716238  1.00000  1.00000 1.00000e-16 0.993567 0.170407 0.170407 0.170191 0.170032  2.00000
 60:     4701.6053: 1.00000e-16 0.000587696 0.000300114 0.000706855  1.00000 0.999005 1.00000e-16 0.996055 0.170407 0.170407 0.170206 0.170153  2.00000
 70:     4701.6052: 1.00000e-16 0.000587734 0.000300240 0.000705017 0.999998 0.999003 1.00000e-16 0.996049 0.170407 0.170407 0.170213 0.170154  2.00000
 80:     4701.6051: 1.00000e-16 0.000587785 0.000300355 0.000703652  1.00000 0.998998 1.00000e-16 0.996049 0.170407 0.170407 0.170184 0.170189  2.00000
  0:     6226.6697: 0.224705 0.864111 0.794952 0.515210 0.305998 0.625938 0.663408 0.561070 0.153687 0.135953 0.139113 0.147529 0.321704
 10:     5541.6592: 0.0920846 4.74641e-05 0.000694081 0.285353 0.305918 0.624968 0.662860 0.560932 0.157074 0.170407 0.170407 0.158869 0.636269
 20:     4740.3083: 1.00000e-16 0.000754065 0.000118876 0.000431964 0.313030 0.632083 0.663650 0.553020 0.170407 0.170407 0.170407 0.140398  1.84700
 30:     4730.8393: 1.00000e-16 0.000622460 0.000299902 0.000171752 0.313245 0.632161 0.664009 0.130959 0.170407 0.170407 0.170407 0.144647  1.86815
 40:     4726.6131: 1.00000e-16 0.000616313 0.000293262 0.000659148 0.311768 0.632245 0.663663 0.0378503 0.170407 0.170407 0.170407 0.136985  1.86815
 50:     4695.0063: 1.00000e-16 0.000546623 0.000276239 0.000103746 0.355690 0.633292 0.660598 0.0153462 0.170407 0.170407 0.170407 0.103962  1.94122
 60:     4681.1503: 1.00000e-16 0.000530470 0.000273700 1.00000e-16 0.368754 0.633832 0.659672 0.0191969 0.170407 0.170407 0.170407 0.0993090  2.00000
