  0:     6275.4615: 0.0388188 0.873478 0.895520 0.690055 0.201236 0.366604 0.611017 0.519143 0.0735105 0.0735105 0.170407 0.170407 0.633650
 10:     5730.8309: 1.00000e-16 1.00000e-16 0.0380926 0.901979 0.483014 0.493201 0.615856 0.518861 0.170407 0.170407 0.170407 0.170407 0.617379
 20:     5582.1612: 0.000198479 9.09550e-05 0.00272747 0.900941 0.483492 0.495453 0.615906 0.518852 0.170407 0.170407 0.170407 0.170398 0.621645
 30:     5563.4655: 0.00118848 0.000364001 0.000360197 0.898864 0.501935 0.582352 0.617864 0.518516 0.170407 0.170407 0.170407 0.170034 0.621539
 40:     5563.2037: 0.000521782 0.000343159 0.000429345 0.899933 0.492076 0.535897 0.616817 0.518696 0.170407 0.170407 0.170407 0.170228 0.621864
 50:     5562.9814: 0.000208603 0.000372895 0.000355679 0.900444 0.487344 0.513604 0.616315 0.518782 0.170407 0.170407 0.170407 0.170322 0.622031
 60:     5562.8161: 0.000104025 0.000396332 0.000346958 0.900443 0.487112 0.512508 0.616291 0.518786 0.170407 0.170407 0.170407 0.170326 0.622209
 70:     5167.7047: 1.51608e-05 0.000601946 0.000480869 0.000327568 0.470240 0.990481 0.520828 0.531090 0.170407 0.170407 0.170407 0.170407 0.754343
 80:     5158.3424: 1.00000e-16 0.000572925 0.000280074 0.00110639 0.548112 1.00000e-16 0.216189 0.510114 0.170407 0.134062 0.170407 0.170407 0.765448
 90:     5141.9002: 1.37583e-06 0.000596145 0.000321614 0.000478098  1.00000 9.01668e-05 0.000405965 0.648412 0.170407 0.119418 0.170350 0.170369 0.786972
100:     5140.7149: 1.00000e-16 0.000549475 0.000309417 0.000857964 0.998308 0.000618565 0.0102954 0.654461 0.170407 0.119138 0.163177 0.170407 0.786621
110:     5140.2040: 1.00000e-16 0.000540083 0.000319081 0.000669094 0.997870 0.000739099 0.00650261 0.651697 0.170407 0.119219 0.165979 0.170407 0.786813
120:     5139.6266: 1.00000e-16 0.000515437 0.000344187 0.000691265 0.997912 0.000911107 0.00523991 0.646126 0.170407 0.119305 0.170407 0.170407 0.787230
130:     5119.5282: 1.00000e-16 0.000588727 0.000204720 0.000451325  1.00000 0.00239522 1.00000e-16 0.537209 0.170407 0.121712 0.170407 0.170407 0.814463
140:     5015.4596: 1.00000e-16 0.000234634 0.000326232 0.000446404 0.853849 0.0118840 0.0329482 0.428855 0.170407 0.101789 0.170407 0.170407 0.937536
150:     4686.0647: 1.00000e-16 0.000448974 0.000391404 0.000226582 0.994990 0.0183954 0.156221 0.508984 0.170407 0.117638 0.170407 0.170407  2.00000
160:     4638.6731: 1.00000e-16 0.000228137 0.000310759 0.000319957 0.751189 0.00735364 0.0949283 0.939183 0.170407 0.0987511 0.170407 0.170407  2.00000
170:     4618.9508: 1.00000e-16 6.79911e-05 0.000205562 0.000225521 0.791011 0.00397935 0.0610189 0.762210 0.170407 0.0836706 0.170407 0.170407  2.00000
